# Energy [MeV] | Flux [a.u.]
1.499999999999999944e-02 1.077218709999999913e+00 3.461054000000000075e-01 5.486854399999999687e-01
4.499999999999999833e-02 7.471083400000000374e-01 4.886590100000000048e-01 7.078183599999999798e-01
7.499999999999999722e-02 6.820178199999999968e-01 5.098317799999999567e-01 7.297056299999999940e-01
1.049999999999999961e-01 6.420618799999999737e-01 4.953644300000000222e-01 6.983244899999999644e-01
1.350000000000000089e-01 8.187700999999999452e-01 3.663001000000000174e-01 5.418397600000000036e-01
1.650000000000000078e-01 6.310135599999999734e-01 4.296986500000000153e-01 5.936994300000000280e-01
1.950000000000000067e-01 6.359884799999999672e-01 4.061077799999999738e-01 5.591585199999999922e-01
2.250000000000000056e-01 5.237220200000000103e-01 4.443609900000000112e-01 5.915388099999999705e-01
2.550000000000000044e-01 5.356331199999999626e-01 4.246327599999999980e-01 5.651453300000000013e-01
2.849999999999999756e-01 7.972473599999999605e-01 2.845329899999999856e-01 4.144823000000000257e-01
3.150000000000000022e-01 6.700211000000000361e-01 3.362782699999999902e-01 4.644218500000000249e-01
3.449999999999999734e-01 7.232806299999999800e-01 3.006376199999999943e-01 4.239228299999999727e-01
3.750000000000000000e-01 5.392765699999999551e-01 3.819868599999999836e-01 5.057172100000000281e-01
4.050000000000000266e-01 8.410196599999999467e-01 2.260008000000000017e-01 3.406688099999999886e-01
4.349999999999999978e-01 6.411379000000000383e-01 3.161818599999999813e-01 4.323214100000000171e-01
4.650000000000000244e-01 4.688563600000000275e-01 3.932713800000000037e-01 5.104671600000000309e-01
4.949999999999999956e-01 6.531606300000000198e-01 2.960282699999999823e-01 4.071788900000000155e-01
5.250000000000000222e-01 8.174292199999999564e-01 2.087303899999999879e-01 3.146594300000000177e-01
5.550000000000000488e-01 7.416700099999999907e-01 2.392655800000000055e-01 3.449028100000000041e-01
5.849999999999999645e-01 5.524597300000000377e-01 3.258383599999999936e-01 4.330402099999999810e-01
6.149999999999999911e-01 4.371989299999999856e-01 3.762330400000000186e-01 4.838163999999999798e-01
6.450000000000000178e-01 4.597294100000000050e-01 3.585813299999999759e-01 4.652006699999999828e-01
6.750000000000000444e-01 5.722196899999999475e-01 2.978470400000000073e-01 4.000136899999999773e-01
7.049999999999999600e-01 6.935002999999999584e-01 2.323063400000000001e-01 3.311099200000000020e-01
7.349999999999999867e-01 7.654969000000000356e-01 1.914078800000000025e-01 2.870826699999999843e-01
7.650000000000000133e-01 7.687644000000000144e-01 1.846739199999999914e-01 2.778275199999999945e-01
7.950000000000000400e-01 7.140365499999999921e-01 2.053801700000000008e-01 2.993120899999999751e-01
8.249999999999999556e-01 6.262895099999999937e-01 2.405164100000000138e-01 3.395509700000000075e-01
8.549999999999999822e-01 5.327903000000000500e-01 2.866462900000000258e-01 3.746968999999999994e-01
8.850000000000000089e-01 4.533847699999999925e-01 3.140767799999999998e-01 4.145828999999999764e-01
9.150000000000000355e-01 3.990737599999999996e-01 3.336946900000000160e-01 4.373091700000000248e-01
9.449999999999999512e-01 3.731436599999999881e-01 3.420620899999999853e-01 4.430168400000000228e-01
9.749999999999999778e-01 3.743997099999999967e-01 3.345944299999999982e-01 4.374762400000000162e-01
1.004999999999999893e+00 3.982494899999999838e-01 3.176555699999999982e-01 4.189081700000000241e-01
1.034999999999999920e+00 4.362037200000000170e-01 3.026843599999999856e-01 3.843564199999999764e-01
1.064999999999999947e+00 4.776764199999999905e-01 2.729604400000000264e-01 3.611215500000000134e-01
1.094999999999999973e+00 5.294472799999999646e-01 2.422928099999999974e-01 3.286098900000000156e-01
1.125000000000000000e+00 5.678691999999999629e-01 2.173507699999999987e-01 3.037949300000000186e-01
1.155000000000000027e+00 6.120566200000000512e-01 1.953040400000000121e-01 2.703887600000000058e-01
1.185000000000000053e+00 6.387857900000000200e-01 1.735869800000000018e-01 2.541775600000000246e-01
1.215000000000000080e+00 6.540327500000000516e-01 1.583356700000000117e-01 2.430464099999999905e-01
1.245000000000000107e+00 6.667737000000000247e-01 1.457630299999999879e-01 2.318037599999999976e-01
1.274999999999999911e+00 6.721462099999999662e-01 1.386834600000000084e-01 2.224955499999999864e-01
1.304999999999999938e+00 6.675204500000000429e-01 1.374015700000000006e-01 2.174451299999999865e-01
1.334999999999999964e+00 6.542574700000000076e-01 1.393475299999999972e-01 2.178597399999999962e-01
1.364999999999999991e+00 6.342529700000000270e-01 1.418478599999999923e-01 2.245157299999999967e-01
1.395000000000000018e+00 6.085644199999999948e-01 1.434651500000000135e-01 2.377918499999999991e-01
1.425000000000000044e+00 5.777418199999999615e-01 1.466687399999999919e-01 2.546676900000000021e-01
1.455000000000000071e+00 5.434736599999999695e-01 1.606391000000000069e-01 2.642733500000000180e-01
1.485000000000000098e+00 5.102979800000000399e-01 1.924917499999999893e-01 2.549544400000000044e-01
1.514999999999999902e+00 4.826189599999999857e-01 2.215258200000000122e-01 2.430068999999999979e-01
1.544999999999999929e+00 4.564110399999999901e-01 2.083642599999999956e-01 2.718326600000000037e-01
1.574999999999999956e+00 4.226740800000000076e-01 1.858022099999999954e-01 3.176361600000000007e-01
1.604999999999999982e+00 3.880443399999999876e-01 2.352019800000000049e-01 2.924182599999999854e-01
1.635000000000000009e+00 3.653406499999999890e-01 2.628462799999999877e-01 2.770768900000000201e-01
1.665000000000000036e+00 3.417897500000000033e-01 2.064397799999999894e-01 3.466801899999999992e-01
1.695000000000000062e+00 3.131644699999999726e-01 2.655142999999999809e-01 3.059230499999999742e-01
1.725000000000000089e+00 2.958572199999999763e-01 2.681009300000000151e-01 3.103815600000000008e-01
1.754999999999999893e+00 2.776550899999999933e-01 2.248190999999999939e-01 3.616487800000000030e-01
1.784999999999999920e+00 2.580465900000000201e-01 3.084516900000000006e-01 2.874529599999999796e-01
1.814999999999999947e+00 2.487337099999999968e-01 2.169588699999999981e-01 3.781315199999999987e-01
1.844999999999999973e+00 2.327990799999999916e-01 3.136537200000000247e-01 2.872883900000000046e-01
1.875000000000000000e+00 2.265833499999999889e-01 2.199291499999999899e-01 3.771896000000000138e-01
1.905000000000000027e+00 2.166401199999999916e-01 3.130607599999999935e-01 2.840056400000000036e-01
1.935000000000000053e+00 2.130919400000000075e-01 2.133164800000000028e-01 3.773456099999999980e-01
1.965000000000000080e+00 2.064237600000000117e-01 3.158504400000000101e-01 2.715700699999999967e-01
1.995000000000000107e+00 2.088352300000000106e-01 2.012157400000000040e-01 3.739258999999999777e-01
2.024999999999999911e+00 1.999286999999999870e-01 3.069954599999999978e-01 2.672272600000000220e-01
2.055000000000000160e+00 2.126045500000000033e-01 2.102553299999999903e-01 3.415077000000000251e-01
2.084999999999999964e+00 1.985202199999999972e-01 2.569503599999999888e-01 2.991543500000000133e-01
2.115000000000000213e+00 2.171545900000000084e-01 2.599816099999999741e-01 2.677868899999999996e-01
2.145000000000000018e+00 2.103920599999999919e-01 1.807092100000000090e-01 3.441604100000000277e-01
2.174999999999999822e+00 2.131421000000000010e-01 2.855768100000000143e-01 2.269213599999999886e-01
2.205000000000000071e+00 2.338608699999999985e-01 1.847383999999999971e-01 2.974591999999999792e-01
2.234999999999999876e+00 2.166697399999999996e-01 1.964555000000000051e-01 2.933906399999999803e-01
2.265000000000000124e+00 2.374866900000000003e-01 2.610834799999999789e-01 1.984418799999999872e-01
2.294999999999999929e+00 2.507054200000000121e-01 1.461614900000000050e-01 2.906796899999999906e-01
2.325000000000000178e+00 2.322884400000000127e-01 1.875326499999999952e-01 2.582980000000000276e-01
2.354999999999999982e+00 2.598860299999999901e-01 2.366515200000000041e-01 1.721915699999999882e-01
2.384999999999999787e+00 2.741383900000000096e-01 1.278640500000000069e-01 2.573737899999999912e-01
2.415000000000000036e+00 2.521483400000000263e-01 1.489234799999999970e-01 2.489881899999999981e-01
2.444999999999999840e+00 2.752310499999999771e-01 2.181345199999999984e-01 1.474144500000000024e-01
2.475000000000000089e+00 3.026778999999999997e-01 1.326913500000000135e-01 1.961665900000000018e-01
2.504999999999999893e+00 2.803342899999999860e-01 9.494664999999999355e-02 2.470460800000000012e-01
2.535000000000000142e+00 2.812696499999999822e-01 1.758524399999999988e-01 1.560310400000000097e-01
2.564999999999999947e+00 3.218691799999999770e-01 1.622774399999999950e-01 1.198671199999999937e-01
2.595000000000000195e+00 3.230737000000000192e-01 7.342350999999999739e-02 1.984112100000000045e-01
2.625000000000000000e+00 2.957580699999999840e-01 9.095058999999999783e-02 1.991280400000000061e-01
2.654999999999999805e+00 3.139511500000000122e-01 1.560532099999999978e-01 1.067938100000000029e-01
2.685000000000000053e+00 3.534295499999999812e-01 1.199696400000000024e-01 9.439321000000000517e-02
2.714999999999999858e+00 3.455219500000000221e-01 4.683547999999999878e-02 1.664615200000000017e-01
2.745000000000000107e+00 3.160475699999999999e-01 6.353419999999999901e-02 1.702956200000000087e-01
2.774999999999999911e+00 3.313261000000000123e-01 1.206398699999999963e-01 8.900130000000000541e-02
2.805000000000000160e+00 3.732095899999999800e-01 1.045420199999999994e-01 5.433655999999999903e-02
2.834999999999999964e+00 3.759008999999999823e-01 3.831037000000000331e-02 1.090284100000000062e-01
2.865000000000000213e+00 3.419021899999999947e-01 2.327800000000000008e-02 1.492411800000000011e-01
2.895000000000000018e+00 3.338952099999999978e-01 6.842231999999999481e-02 1.033152600000000060e-01
2.924999999999999822e+00 3.707296400000000269e-01 9.177172000000000107e-02 3.437218999999999691e-02
2.955000000000000071e+00 4.010532900000000067e-01 5.428390000000000298e-02 3.280604000000000159e-02
2.984999999999999876e+00 3.843497000000000163e-01 7.093160000000000263e-03 8.799854999999999483e-02
