# Energy [MeV] | Flux [a.u.]
2.500000000000000139e-02 1.019792008827529628e+00 3.709053660870324509e-01 4.070889822223003884e-01
7.499999999999999722e-02 1.021206950492111520e+00 3.519052748047967749e-01 4.012853836058321022e-01
1.250000000000000000e-01 8.706274741458959188e-01 4.309093012362935626e-01 4.549831013685514680e-01
1.749999999999999889e-01 9.155564234437643112e-01 3.720001738032678862e-01 4.043147501150715084e-01
2.250000000000000056e-01 9.645342315353444551e-01 2.984384355746659279e-01 3.382282728336312716e-01
2.750000000000000222e-01 4.777682127267805501e-01 5.580106975771678135e-01 5.050046795031756242e-01
3.250000000000000111e-01 8.234976284687713921e-01 3.304405984050895473e-01 3.425831922006612462e-01
3.750000000000000000e-01 4.738020711038647415e-01 5.209705138926616907e-01 4.671124134971139097e-01
4.249999999999999889e-01 5.467613647566028634e-01 4.632116002303818814e-01 4.234755435641426868e-01
4.749999999999999778e-01 8.581075709566127196e-01 2.657649461079640840e-01 2.853679305700413393e-01
5.250000000000000222e-01 5.340060362121659132e-01 4.475667853768702797e-01 4.064727276407252288e-01
5.749999999999999556e-01 7.615200244158800702e-01 3.024885231050184475e-01 3.050652019925100822e-01
6.250000000000000000e-01 4.377727632444760597e-01 4.859690353273775631e-01 4.280473094688603264e-01
6.750000000000000444e-01 8.211775554210267725e-01 2.496455230214036924e-01 2.649921255450328195e-01
7.249999999999999778e-01 6.435250996309198612e-01 3.473781373410818052e-01 3.299766418946620261e-01
7.750000000000000222e-01 3.972678878508657530e-01 4.863336626843795529e-01 4.231799165791103601e-01
8.249999999999999556e-01 5.921950681107466252e-01 3.633796400322942821e-01 3.377926497205353540e-01
8.750000000000000000e-01 8.097574481290990001e-01 2.271035656298376892e-01 2.436589222080797201e-01
9.250000000000000444e-01 7.436358064516697119e-01 2.597691208112056782e-01 2.647421731402480050e-01
9.749999999999999778e-01 5.229941347321114264e-01 3.846046928218036509e-01 3.485768842798501188e-01
1.024999999999999911e+00 3.791697546668060248e-01 4.639747763488324961e-01 4.014024352631989090e-01
1.074999999999999956e+00 4.004492927908501754e-01 4.447561733399415518e-01 3.880075998819744187e-01
1.125000000000000000e+00 5.340124320946296743e-01 3.596854218896085031e-01 3.284369288057222280e-01
1.175000000000000044e+00 6.812323562550762768e-01 2.656723687823792646e-01 2.643749214610373599e-01
1.225000000000000089e+00 7.700940828475010269e-01 2.076412104793961544e-01 2.228852862318033146e-01
1.274999999999999911e+00 7.757019750658445956e-01 1.990730542673423975e-01 2.153598244706937948e-01
1.324999999999999956e+00 7.111993430633531954e-01 2.314552302408649231e-01 2.371487105505727389e-01
1.375000000000000000e+00 6.072359124481110371e-01 2.850129927790340800e-01 2.773606908716883535e-01
1.425000000000000044e+00 4.972467299377285044e-01 3.504544812862934178e-01 3.118387183541553309e-01
1.475000000000000089e+00 4.053553286694104862e-01 3.933382604171102859e-01 3.508888479648186731e-01
1.524999999999999911e+00 3.450904497431451778e-01 4.228011176239523383e-01 3.718353955605253613e-01
1.574999999999999956e+00 3.198061749088862427e-01 4.335736451249649903e-01 3.765849607614036865e-01
1.625000000000000000e+00 3.272971429360207463e-01 4.218846609454008911e-01 3.711065737280320187e-01
1.675000000000000044e+00 3.613458458569781540e-01 3.956821013717251034e-01 3.536633275441553592e-01
1.725000000000000089e+00 4.121228207748235395e-01 3.698523339975956503e-01 3.191927238954844204e-01
1.774999999999999911e+00 4.670471469165720091e-01 3.278724493928552586e-01 2.967937586153507334e-01
1.824999999999999956e+00 5.309507651940534867e-01 2.838875187971930392e-01 2.674852380041484734e-01
1.875000000000000000e+00 5.805287772095745202e-01 2.485231592295781000e-01 2.439428241317927459e-01
1.925000000000000044e+00 6.331849690748682091e-01 2.180723448045132351e-01 2.124666222332674270e-01
1.975000000000000089e+00 6.655154201372215361e-01 1.876369881471577905e-01 2.013559240387913229e-01
2.024999999999999911e+00 6.844137055487133914e-01 1.685560412995206758e-01 1.923758469661196735e-01
2.075000000000000178e+00 6.984662592366341904e-01 1.558912302773602099e-01 1.818761870439677408e-01
2.125000000000000000e+00 7.028480748096612718e-01 1.502280102330114386e-01 1.740947199213738472e-01
2.174999999999999822e+00 6.953985208642416982e-01 1.515544117180823713e-01 1.712025020517719542e-01
2.225000000000000089e+00 6.779584460354621811e-01 1.575129898930670569e-01 1.737147840680218214e-01
2.274999999999999911e+00 6.528106904453578885e-01 1.653027705585493889e-01 1.821485251564951002e-01
2.325000000000000178e+00 6.212973392448193355e-01 1.728652709265576237e-01 1.972190942544888304e-01
2.375000000000000000e+00 5.841568904009925012e-01 1.816449303857402553e-01 2.167426501883832901e-01
2.424999999999999822e+00 5.433029333674161965e-01 2.002059750008460814e-01 2.302405799667003872e-01
2.475000000000000089e+00 5.037954237792271472e-01 2.371209684892495173e-01 2.240796569919331072e-01
2.524999999999999911e+00 4.706726561301934897e-01 2.746040565142149337e-01 2.110068100912255162e-01
2.575000000000000178e+00 4.396081963228022915e-01 2.714629429470524213e-01 2.365402025591379354e-01
2.625000000000000000e+00 4.005944194230837696e-01 2.531448123288744245e-01 2.852397614206813037e-01
2.674999999999999822e+00 3.613325286435795647e-01 3.042556348340776928e-01 2.647978443886465638e-01
2.725000000000000089e+00 3.359712035676473141e-01 3.410366371190445278e-01 2.448241129430044627e-01
2.774999999999999911e+00 3.091362058029818449e-01 2.890321115473011848e-01 3.151481106992164993e-01
2.825000000000000178e+00 2.778179194855364686e-01 3.475636662035220814e-01 2.794574670964866669e-01
2.875000000000000000e+00 2.600178188534262858e-01 3.587027064573584667e-01 2.776789433062576973e-01
2.924999999999999822e+00 2.395991555974684162e-01 3.134547656080943212e-01 3.349434100183574237e-01
2.975000000000000089e+00 2.206928333405245857e-01 4.013022084384522681e-01 2.576372658318227260e-01
3.024999999999999911e+00 2.107573420632793404e-01 3.105612489692702871e-01 3.499854820595286742e-01
3.075000000000000178e+00 1.959847533319121760e-01 4.072559831924386087e-01 2.597715722418799666e-01
3.125000000000000000e+00 1.905494712419983361e-01 3.151085455729479845e-01 3.490986826010075150e-01
3.174999999999999822e+00 1.824261252406385869e-01 4.066912057160980143e-01 2.574196008215510201e-01
3.225000000000000089e+00 1.803267772128954172e-01 3.071206069109287951e-01 3.509053090116708296e-01
3.274999999999999911e+00 1.765757406236875271e-01 4.088801458352526730e-01 2.447477837244072807e-01
3.325000000000000178e+00 1.803320416966841533e-01 2.912566251683741392e-01 3.505008812736164492e-01
3.375000000000000000e+00 1.757084314958628490e-01 3.986189436493768889e-01 2.396826349073962192e-01
3.424999999999999822e+00 1.894246109408554979e-01 2.955735511336298749e-01 3.209665742257600818e-01
3.475000000000000089e+00 1.802096189999422005e-01 3.447264821092470011e-01 2.730173031111047810e-01
3.524999999999999911e+00 2.009030066668054393e-01 3.423101126303079722e-01 2.467625685858891027e-01
3.575000000000000178e+00 1.974301143093131206e-01 2.608037770805083921e-01 3.237973665757480357e-01
3.625000000000000000e+00 2.048884933401044217e-01 3.660265525496119166e-01 2.032047358285572203e-01
3.674999999999999822e+00 2.270715179085461277e-01 2.580701770497198511e-01 2.810992280477327410e-01
3.725000000000000089e+00 2.147744706894854638e-01 2.696831188196832096e-01 2.739367529028436388e-01
3.774999999999999911e+00 2.393261461001860713e-01 3.328416405900022634e-01 1.784119107023451334e-01
3.825000000000000178e+00 2.542792644240264299e-01 2.106742783382590523e-01 2.778430997098832456e-01
3.875000000000000000e+00 2.410544833040114410e-01 2.520988350799648892e-01 2.418915110876416474e-01
3.924999999999999822e+00 2.721835785120247930e-01 3.001588409962078208e-01 1.549814882520108850e-01
3.975000000000000089e+00 2.880394187689914176e-01 1.837635854666589408e-01 2.478305202914795058e-01
4.025000000000000355e+00 2.708124951666632252e-01 2.034126380404833179e-01 2.377481918580326981e-01
4.075000000000000178e+00 2.980165552341708102e-01 2.737538437934592395e-01 1.325725540359554422e-01
4.125000000000000000e+00 3.268093533195128852e-01 1.816343250042536661e-01 1.882983725809683762e-01
4.174999999999999822e+00 3.078706600690735984e-01 1.387098555286692403e-01 2.425897443644576545e-01
4.224999999999999645e+00 3.136942696387000629e-01 2.218946396325884030e-01 1.460383116257388814e-01
4.275000000000000355e+00 3.564517739357635495e-01 2.065636324785765643e-01 1.110971675356470234e-01
4.325000000000000178e+00 3.591245739551114369e-01 1.095969373908801531e-01 1.979044478818867414e-01
4.375000000000000000e+00 3.358561363369261810e-01 1.245245710283689466e-01 1.987863096170185973e-01
4.424999999999999822e+00 3.581407543580314434e-01 1.929085078978997336e-01 1.006861256238094360e-01
4.474999999999999645e+00 3.991254363284623130e-01 1.543521754539037283e-01 9.085310147934257119e-02
4.525000000000000355e+00 3.925912919957265657e-01 7.290604480078183292e-02 1.714552985981177557e-01
4.575000000000000178e+00 3.667432569965308753e-01 8.675356758395555423e-02 1.761039731279703258e-01
4.625000000000000000e+00 3.858708788236562826e-01 1.477638215902857266e-01 8.864014461001792911e-02
4.674999999999999822e+00 4.294121559818507294e-01 1.316457889170477014e-01 5.391647886934056860e-02
4.724999999999999645e+00 4.329110676851395945e-01 5.778289418569691749e-02 1.170052203076446945e-01
4.775000000000000355e+00 4.013713009389909270e-01 3.669193085925698955e-02 1.623855386956215840e-01
4.825000000000000178e+00 3.970661168962529297e-01 8.401370306740740812e-02 1.121430211720837039e-01
4.875000000000000000e+00 4.364719334334402068e-01 1.116579714979348409e-01 3.789114394478677178e-02
4.924999999999999822e+00 4.676032204832834549e-01 7.150970552074674413e-02 3.973012499102514944e-02
4.974999999999999645e+00 4.517530613644436532e-01 1.599374985900504226e-02 1.039416962028067298e-01
